5    33
6    65
7    129
8    257
9    513
10   1025
11   2049
12   4097
13   8193
14   16385
15   32769
16   65537
17   131073
18   262145
19   524289
20   1048577
21   2097153
22   4194305
23   8388609
24   16777217
25   33554433
26   67108865
27   134217729
28   268435457
29   536870913
30   1073741825
31   2147483649
32   4294967297
33   8589934593
34   17179869185
35   34359738369
36   68719476737
37   137438953473
38   274877906945
39   549755813889
40   1099511627777
41   2199023255553
42   4398046511105
43   8796093022209
44   17592186044417
45   35184372088833
46   70368744177665
47   140737488355329
48   281474976710657
49   562949953421313
